Def=397.7926,-1822.7774,14.7343,6,6
home=397.850952,-1813.509765,14.726143
Att=1592.8931 , -1036.4177 , 23.4721, 10.0, 10.0
