Def=1765.3468,-2286.2832,26.7960,10,10
home=1765.661254,-2285.998046,26.796022
Att=1592.8931 , -1036.4177 , 23.4721, 10.0, 10.0
