Def=1413.9716,-1492.2752,20.4391,5,5
home=1402.899536,-1491.799316,20.447021
Att=1938.0511 , -2365.0097 , 13.1130, 10.0, 10.0
