Def=1064.7857,-1609.0789,20.4724,5,5
home=1072.265991,-1618.497802,20.456867
Att=1938.0511 , -2365.0097 , 13.1130, 10.0, 10.0
