Def=847.8596,-1103.0998,24.2968,6,6
home=815.594665,-1096.332885,25.790092
Att=-116.7034 , -1529.8316 , 2.5260, 10.0, 10.0
