Def=484.4823,-1616.0263,33.1718,4,4
home=484.248718,-1612.244628,33.171875
Att=1592.8931 , -1036.4177 , 23.4721, 10.0, 10.0
