Def=1038.3784,-1111.1412,33.9892,7,2
home=1021.723815,-1110.980102,35.284923
Att=-116.7034 , -1529.8316 , 2.5260, 10.0, 10.0
