Def=1452.9042,-1895.4364,23.1561,4,4
home=1462.240844,-1895.181640,22.510921
Att=1592.8931 , -1036.4177 , 23.4721, 10.0, 10.0
