Def=2143.4467,-2280.8737,14.7774,3,3
home=2168.519531,-2245.367919,20.158733
Att=1938.0511 , -2365.0097 , 13.1130, 10.0, 10.0
