Def=2701.7973,-1488.1943,42.9114,4,4
home=2698.921386,-1469.348266,42.906250
Att=1938.0511 , -2365.0097 , 13.1130, 10.0, 10.0
Object=6976,2685.5734,-1428.0332,32.1129,0.0000,0.0000,103.4447