Def=2238.8139,-2146.5463,20.3354,3,3
home=2246.779052,-2171.222900,20.835937
Att=1592.8931 , -1036.4177 , 23.4721, 10.0, 10.0
