Def=1765.7015,-1539.5266,9.3926,4,4
home=1763.886962,-1539.199462,9.360044
Att=1938.0511 , -2365.0097 , 13.1130, 10.0, 10.0
