Def=1908.6204,-1318.1021,14.1910,4,4
home=1881.880981,-1316.733276,14.500373
Att=1938.0511 , -2365.0097 , 13.1130, 10.0, 10.0
