Def=2842.3764,-2369.9521,31.0078,3,3
home=2838.0986 , -2448.4501 , 19.9220
Att=1938.0511 , -2365.0097 , 13.1130, 10.0, 10.0
Lodz=1931.5469 , -2850.6782 , -0.3722
Object=8674,2837.8486,-2441.4848,18.8773,90.0000,180.0000,180.00000
Object=8674,2838.5046,-2453.8952,18.8773,90.0000,179.9945,179.99450
Object=8674,2809.5493,-2438.1276,11.8773,90.0000,179.9945,179.99450