Def=2142.7373,-2281.7900,14.7771,3,3
home=2130.156250,-2280.542236,20.664308
Att=1592.8931 , -1036.4177 , 23.4721, 10.0, 10.0
