Def=-2659.9697,1413.5147,27.9687,3,6
home=-2659.712402,1413.723510,27.968750
Att=-1508.3496 , 712.9381 , 6.7543, 10.0, 10.0
Lodz=-1398.6202 , 755.5989 , -0.5112
Object=6976,-2656.6010,1392.6998,14.7098,0.0000,0.0000,195.3811
Object=6976,-2641.7397,1396.7382,6.0937,0.0000,0.0000,195.2227
