Def=-2384.5769,1545.2741,10.8281,3,4
home=-2368.408691,1552.872802,2.117187
Att=-1508.3496 , 712.9381 , 6.7543, 10.0, 10.0
Lodz=-1398.6202 , 755.5989 , -0.5112
Object=9766,-2374.4633,1526.2471,8.0334,10.0,0.0,270.3153