Def=-1467.8287,1489.0137,8.2500,7,7
home=-1433.872680,1486.687500,1.867187
Att=-1751.3153 , -129.5337 , 3.1149, 10.0, 10.0
Lodz=-1085.8100 , 207.0530 , -0.5643