Def=-2728.7727,-93.1934,13.4141,4,4
home=-2730.135498,-92.038002,13.414157
Att=-1751.3153 , -129.5337 , 3.1149, 10.0, 10.0
