Def=-1662.5501,1211.4615,32.9048,6,6
home=-1665.384399,1213.408325,32.899787
Att=-1751.3153 , -129.5337 , 3.1149, 10.0, 10.0
