Def=-1680.8060,1340.6019,17.2500,4,4
home=-1685.459960,1344.733154,17.250000
Att=-1751.3153 , -129.5337 , 3.1149, 10.0, 10.0
