Def=-1908.7230,-1671.5942,23.0156,5,5
home=-1845.081298,-1708.843994,41.106361
Att=-1751.3153 , -129.5337 , 3.1149, 10.0, 10.0
