Def=-2209.0898,-2416.7646,30.4687,5,5
home=-2187.991210,-2428.364013,35.516162
Att=-1751.3153 , -129.5337 , 3.1149, 10.0, 10.0
