Def=977.4483,-1243.2239,27.3667,7,6
home=975.201904,-1241.847412,27.366735
Att=-116.7034 , -1529.8316 , 2.5260, 10.0, 10.0
