Def=714.5359,1989.8923,4.9375,8,8
home=710.792724,1985.064697,3.459570
Att=1439.3431 , 1502.0217 , 10.8203, 10.0, 10.0
