Def=1383.0084,2183.5104,11.0234,6,6
home=1405.343994,2205.821533,12.015625
Att=1439.3431 , 1502.0217 , 10.8203, 10.0, 10.0
