Def=2039.8598,1924.1829,25.0625,3,3
home=2049.499267,1916.083740,21.491306
Att=1439.3431 , 1502.0217 , 10.8203, 10.0, 10.0
