Def=1342.6914,2562.8864,23.7385,1,7
home=1342.677124,2562.889892,23.744304
Att=1439.3431 , 1502.0217 , 10.8203, 10.0, 10.0
