Def=1543.4041,2849.0122,23.7890,1,4
home=1543.374023,2853.497314,23.756305
Att=1439.3431 , 1502.0217 , 10.8203, 10.0, 10.0
