Def=2011.0345,2915.7602,51.6621,6,3
home=2005.501220,2928.593505,47.867767
Att=1439.3431 , 1502.0217 , 10.8203, 10.0, 10.0
Lodz=210.9049 , 3036.3359 , -0.9726