Def=2556.7812,1172.9196,18.7189,6,6
home=2567.800292,1174.389038,18.718933
Att=1439.3431 , 1502.0217 , 10.8203, 10.0, 10.0
