Def=1864.9389,2317.2519,14.7812,6,7
home=1862.558715,2314.262207,14.781250
Att=1439.3431 , 1502.0217 , 10.8203, 10.0, 10.0
