Def=934.5184,-935.8941,57.7344,3,3
home=944.144531,-934.266296,61.462829
Att=-116.7034 , -1529.8316 , 2.5260, 10.0, 10.0
Object=1652,900.3351,-882.5043,74.3835,270.0000,182.4283,143.5183
Object=1652,914.0411,-893.5758,74.3835,270.0000,182.4279,143.5144