Def=1962.8736,2305.2583,21.7280,5,5
home=1962.088745,2309.066650,21.728027
Att=1439.3431 , 1502.0217 , 10.8203, 10.0, 10.0
Object=10244,2011.3715,2309.3745,11.7187,0.0000,0.0000,89.0100
Object=10244,1974.7197,2309.1245,17.1942,0.0000,0.0000,89.7299