Def=2647.4367,1211.0925,26.9232,8,8
home=2647.542480,1211.278564,26.923290
Att=1439.3431 , 1502.0217 , 10.8203, 10.0, 10.0
