Def=248.9592,1849.8613,8.7734,4,4
home=271.093505,1816.423461,4.703125
Att=1439.3431 , 1502.0217 , 10.8203, 10.0, 10.0
