Def=-758.7755,1539.0703,26.9609,6,6
home=-720.827331,1540.128417,40.463596
Att=-517.8909 , 2594.4643 , 53.4154, 10.0, 10.0
