Def=984.5642,-1021.9816,42.7951,5,5
home=999.741394,-1012.544006,41.481872
Att=-116.7034 , -1529.8316 , 2.5260, 10.0, 10.0
