Def=-765.5925,2256.0915,70.9478,3,3
home=-819.246765,2263.487060,69.580978
Att=-517.8909 , 2594.4643 , 53.4154, 10.0, 10.0
Lodz=-1044.5096 , 2640.5568 , 40.0442