Def=1234.1650,321.5133,24.7578,4,4
home=1271.475463,295.177612,20.656307
Att=264.4691 , 687.7907 , 10.1512, 10.0, 10.0
