Def=183.4675,-72.6060,1.4296,8,4
home=183.257629,-108.058761,2.023437
Att=264.4691 , 687.7907 , 10.1512, 10.0, 10.0
