Def=2822.1811,1018.4060,10.8984,5,2
Att=2878.1308,847.2473,10.7500,4,4
home=2815.0894,924.9893,10.7500,0

Obszar=2897.6824,1027.9811,2772.6067,824.5192

Object=987,2802.5,890.5,16.3,0,0,270
Object=987,2802.5,870.40002,16.4,0,0,270
Object=2932,2884.19995,924.70001,14.7,0,0,270
Object=2932,2886,925.29999,14.4,0,0,270
Object=2932,2884,917.90002,14.7,0,0,270
Object=2932,2885.8999,917.70001,14.8,0,0,270
Object=2932,2884.19995,910,14.8,0,0,270
Object=2932,2886,909.90002,14.6,0,0,270