Att=1410.4907,2115.9277,12.0156,2,8
Def=1314.6915,2212.1381,12.0156,8,2
home=1353.5077,2173.6509,11.0156,0

Obszar=1417.6355,2224.5771,1294.0367,2098.7778
Object=987,1283.39624023,2202.93188477,10.96005344,0.00000000,0.00000000,0.75000000
Object=987,1295.11767578,2203.27075195,15.97425652,0.00000000,335.00000000,89.73004150
Object=987,1295.12622070,2206.86083984,17.69999886,0.00000000,335.00000000,90.00000000
Object=987,1295.13269043,2215.02172852,22.47817993,0.00000000,0.00000000,89.68493652
Object=987,1283.39550781,2202.93164062,15.96005344,0.00000000,0.00000000,0.74707031
Object=8150,1330.73095703,2221.91406250,25.57920837,0.00000000,0.00000000,0.00000000